Lizard 0.0 133.90897999999999 48.0 281.27306
Lizard 3.2 410.056125 119.04 433.76237199999997
Lizard 19.2 551.653636 168.32 602.9107369999999
Lizard 32.0 433.76237199999997 101.76 521.540166
Lizard 42.88 496.552611 150.4 556.7795510000001
Lizard 50.56 171.070327 119.04 257.566813
Lizard 67.84 568.9533429999999 209.28 677.874085
Lizard 161.92 222.32742799999997 231.68 299.212738
Lizard 161.92 327.404246 252.8 462.59453399999995
Lizard 224.0 449.13943399999994 330.24 576.641874
Lizard 280.32 324.200976 405.76 390.194485
Lizard 314.24 194.13592 378.24 296.650122
Lizard 382.72 158.896535 577.92 311.38653000000005
Lizard 420.48 322.91898499999996 519.04 500.396535
Lizard 516.48 460.672572 627.2 678.514739
Lizard 550.4 363.924939 614.4 509.367057
Lizard 622.72 386.349878 704.0 520.258858
Lizard 685.44 171.070327 760.32 403.00824800000004
