3 0.048177083333333336 0.187687432160804 0.09700000000000002 0.11496899999999999
3 0.09449999999999999 0.36278975879396985 0.125 0.141976
3 0.1285 0.2692444070351759 0.12699999999999997 0.11342599999999997
3 0.24138541666666669 0.8964033869346734 0.10699999999999998 0.19212999999999988
3 0.31515625 0.3328922814070352 0.07099999999999995 0.10339499999999997
3 0.6621770833333334 0.17575680904522611 0.09800000000000002 0.14583300000000007
3 0.7334999999999999 0.3426760854271357 0.12700000000000009 0.16820999999999992
3 0.7472708333333333 0.19746615577889445 0.08900000000000012 0.094135
3 0.9255 0.46451816080402014 0.12699999999999992 0.1736119999999999
3 0.9157812499999999 0.736298432160804 0.10300000000000005 0.11651299999999999
