3 0.2822260625 0.879296875 0.11250100000000002 0.09062500000000007
3 0.2884760625 0.7455083125 0.11250100000000005 0.12031199999999997
3 0.2998051875 0.609765625 0.11562399999999995 0.11406300000000003
3 0.312109375 0.4912109375 0.10624999999999996 0.10781300000000005
3 0.32949168749999996 0.380078625 0.10000000000000003 0.082812
3 0.32890575 0.283984375 0.08593800000000001 0.07500000000000001
3 0.33828074999999996 0.190625 0.08593800000000001 0.0625
3 0.3404296875 0.1156255 0.06874999999999998 0.048436999999999994
3 0.42246143750000004 0.748438 0.15624899999999992 0.125
3 0.4296875 0.6044926875 0.140625 0.10156200000000004
3 0.428125 0.4892573125 0.12656300000000004 0.08906300000000006
3 0.439453625 0.8802734375 0.14531199999999994 0.09218700000000013
3 0.44199268750000004 0.3796875 0.13281199999999999 0.078125
3 0.4328125 0.2779296875 0.11093700000000001 0.06875
3 0.45058543749999996 0.183984375 0.09218800000000005 0.07499999999999998
3 0.45371143750000004 0.1091796875 0.09218699999999996 0.03749999999999999
3 0.555859875 0.2751958125 0.12187499999999996 0.073437
3 0.573827625 0.6046875 0.14531300000000003 0.109375
3 0.5748041875 0.7470703125 0.146876 0.120313
3 0.570312 0.37421875 0.12656299999999998 0.08750000000000002
3 0.570312 0.48359425 0.12656299999999998 0.103124
3 0.55625 0.1062505 0.09375 0.046875
3 0.56484425 0.1783208125 0.10312499999999991 0.073437
3 0.6017578125 0.8833984375 0.135938 0.09218799999999994
3 0.6531245 0.10859325 0.07968799999999998 0.040625999999999995
3 0.666016125 0.178516125 0.098437 0.067187
3 0.6748046875 0.2740239375 0.10156200000000004 0.07656199999999999
3 0.68125 0.37578075 0.09531299999999998 0.08593800000000001
3 0.69375 0.48046875 0.09531299999999998 0.08593799999999996
3 0.7062505 0.6009765625 0.11093699999999995 0.09687500000000004
3 0.7158203125 0.7513671875 0.120313 0.11562499999999998
3 0.7388671875 0.8835932500000001 0.08593699999999993 0.10156299999999985
