1 0.0234375 0.3029414055636896 0.046875 0.21576
1 0.0587890625 0.6164804172767203 0.113125 0.03470899999999994
1 0.091015625 0.8442952210834553 0.145625 0.07504699999999988
1 0.064453125 0.6980415402635431 0.068125 0.12851800000000005
1 0.0936328125 0.7709408653001465 0.10500000000000001 0.0881800000000001
1 0.082578125 0.31342654026354316 0.066875 0.12664200000000006
1 0.134609375 0.9120839575402634 0.138125 0.1594740000000002
1 0.191328125 0.38115289604685204 0.06812500000000002 0.11257000000000005
1 0.2020703125 0.5774586325036604 0.08875000000000002 0.19793599999999992
1 0.2705078125 0.7498381171303073 0.10375000000000001 0.18668000000000012
1 0.334296875 0.5215241229868228 0.1225 0.09662299999999995
1 0.338125 0.3589105710102489 0.0625 0.150094
1 0.4684765625 0.34391879209370424 0.19062499999999993 0.22326500000000007
1 0.4584765625 0.6016383382137628 0.09624999999999995 0.25985
1 0.5580859375 0.832609915080527 0.10812500000000003 0.3189489999999999
1 0.56875 0.6382502767203514 0.0625 0.212946
1 0.6471875 0.6622985036603221 0.07937499999999997 0.19606000000000007
1 0.7055078125 0.4188438169838946 0.073125 0.3395870000000001
