Owl 0.0 129.74899499999998 74.49600000000001 244.14314999999996
Owl 24.576 290.97581 120.576 432.24193
Owl 50.688 211.898185 148.224 324.757055
Owl 144.38400000000001 796.92137 226.56 988.0907199999999
Owl 215.04000000000002 280.22782 269.568 383.105845
Owl 471.552 102.878025 546.816 247.98186000000004
Owl 515.328 257.962705 612.864 425.33165499999996
Owl 539.904 150.47882499999997 608.2560000000001 244.14314999999996
Owl 662.784 376.19557000000003 760.3199999999999 548.9395099999999
Owl 664.3199999999999 675.61694 743.424 791.547375
