Owl 231.99948799999999 854.4 347.200512 947.2
Owl 238.399488 702.400512 353.60051200000004 825.6
Owl 248.00051200000001 566.4 366.39948799999996 683.200512
Owl 265.6 448.0 374.4 558.400512
Owl 286.39948799999996 347.200512 388.799488 432.0
Owl 292.799488 252.8 380.8 329.6
Owl 302.39948799999996 163.2 390.4 227.2
Owl 313.6 94.400512 384.0 144.0
Owl 353.60051200000004 702.400512 513.599488 830.400512
Owl 368.0 568.000512 512.0 672.0
Owl 374.4 455.999488 504.000512 547.2
Owl 376.000512 854.4 524.8 948.7994880000001
Owl 385.60051200000004 348.8 521.6 428.8
Owl 387.2 249.6 500.799488 320.0
Owl 414.39948799999996 150.4 508.8 227.2
Owl 417.60051200000004 92.8 512.0 131.2
Owl 507.200512 244.800512 632.000512 320.0
Owl 513.599488 563.2 662.4 675.2
Owl 513.599488 704.0 664.000512 827.200512
Owl 519.999488 339.2 649.6 428.8
Owl 519.999488 443.200512 649.6 548.799488
Owl 521.6 84.800512 617.6 132.800512
Owl 526.400512 145.600512 632.000512 220.8
Owl 547.2 857.6 686.400512 952.000512
Owl 628.799488 91.199488 710.4 132.800512
Owl 632.000512 148.800512 732.8 217.6
Owl 640.0 241.600512 743.999488 320.0
Owl 649.6 340.799488 747.200512 428.8
Owl 662.4 448.0 760.000512 536.000512
Owl 667.200512 566.4 780.8 665.6
Owl 672.0 710.4 795.200512 828.8
Owl 713.6 852.7994880000001 801.599488 956.8
